11111111111111111111111111111111111
222222222222222222222222222222222
333333333333333333333333333333333333
44444444444444444444444444444444444444
555555555555555555555555555555555555
6666666666666666666666666666666666666
77777777777777777777777777777777777
11111111111111111111111111111111111
222222222222222222222222222222222
333333333333333333333333333333333333
44444444444444444444444444444444444444
555555555555555555555555555555555555
6666666666666666666666666666666666666
77777777777777777777777777777777777
11111111111111111111111111111111111
222222222222222222222222222222222
333333333333333333333333333333333333
44444444444444444444444444444444444444
555555555555555555555555555555555555
6666666666666666666666666666666666666
77777777777777777777777777777777777
11111111111111111111111111111111111
222222222222222222222222222222222
333333333333333333333333333333333333
44444444444444444444444444444444444444
555555555555555555555555555555555555
6666666666666666666666666666666666666
77777777777777777777777777777777777
11111111111111111111111111111111111
222222222222222222222222222222222
333333333333333333333333333333333333
44444444444444444444444444444444444444
555555555555555555555555555555555555
6666666666666666666666666666666666666
77777777777777777777777777777777777
11111111111111111111111111111111111
222222222222222222222222222222222
333333333333333333333333333333333333
44444444444444444444444444444444444444
555555555555555555555555555555555555
6666666666666666666666666666666666666
77777777777777777777777777777777777
11111111111111111111111111111111111
222222222222222222222222222222222
333333333333333333333333333333333333
44444444444444444444444444444444444444
555555555555555555555555555555555555
6666666666666666666666666666666666666
77777777777777777777777777777777777
11111111111111111111111111111111111
222222222222222222222222222222222
333333333333333333333333333333333333
44444444444444444444444444444444444444
555555555555555555555555555555555555
6666666666666666666666666666666666666
77777777777777777777777777777777777
11111111111111111111111111111111111
222222222222222222222222222222222
333333333333333333333333333333333333
44444444444444444444444444444444444444
555555555555555555555555555555555555
6666666666666666666666666666666666666
77777777777777777777777777777777777
11111111111111111111111111111111111
222222222222222222222222222222222
333333333333333333333333333333333333
44444444444444444444444444444444444444
555555555555555555555555555555555555
6666666666666666666666666666666666666
77777777777777777777777777777777777
11111111111111111111111111111111111
222222222222222222222222222222222
333333333333333333333333333333333333
44444444444444444444444444444444444444
555555555555555555555555555555555555
6666666666666666666666666666666666666
77777777777777777777777777777777777
11111111111111111111111111111111111
222222222222222222222222222222222
333333333333333333333333333333333333
44444444444444444444444444444444444444
555555555555555555555555555555555555
6666666666666666666666666666666666666
77777777777777777777777777777777777
